19
15
11
0D
09
05
01
01
05
09
0D
11
15
19
19
15
11
0D
09
05
01
01
05
09
0D
11
15
19
19
15
11
0D
09
05
01
01
05
09
0D
11
15
19
19
15
11
0D
09
05
01
01
05
09
0D
11
15
19
19
15
11
0D
09
05
01
01
05
09
0D
11
15
19
19
15
11
0D
09
05
01
01
05
09
0D
11
15
19
19
15
11
0D
09
05
01
01
05
09
0D
11
15
19
19
15
11
0D
09
05
01
01
05
09
0D
11
15
19
19
15
11
0D
09
05
01
01
05
09
0D
11
15
19
19
15
11
0D
09
05
01
01
05
09
0D
11
15
19
19
15
11
0D
09
05
01
01
05
09
0D
11
15
19
19
15
11
0D
09
05
01
01
05
09
0D
11
15
19
19
15
11
0D
09
05
01
01
05
09
0D
11
15
19
19
15
11
0D
09
05
01
01
05
09
0D
11
15
19
19
15
11
0D
09
05
01
01
05
09
0D
11
15
19
19
15
11
0D
09
05
01
01
05
09
0D
11
15
19
19
15
11
0D
09
05
01
01
05
09
0D
11
15
19
19
15
11
0D
09
05
01
01
05
09
0D
11
15
19

